600
9997795921462117
9997801320868027
9997805720384759
9997808920033927
9997811519749213
9997816519202723
9997819518875393
9997822518548519
9997833117397189
9997835717115683
9997844716143533
9997851315433511
9997858114703659
9997864514019659
9997867313720887
9997875912805541
9997888311492157
9997896910586231
9997899910270997
9997904709767333
9997909509265193
9997912508951819
9997914308764037
9997918108368019
9997926707474653
9997933506770789
9997939506151613
9997954304632297
9997961103938021
9997965303510227
9997975102515481
9997980102009919
9997994700540629
9998003099700029
9998009299082107
9998013698644399
9998020497970283
9998030097022379
9998042095843259
9998054494633903
9998058694225813
9998063693741003
9998072692871093
9998088091393159
9998095490687429
9998098490402063
9998104489832363
9998109889321397
9998114888849467
9998116888661047
9998123088077549
9998132687179313
9998143486173893
9998149685599423
9998167083995929
9998178082992091
9998184082446319
9998193881558957
9998198281161757
9998208280263617
9998214479709103
9998221279103227
9998244477053059
9998252076387479
9998255076125621
9998264675289929
9998274274459577
9998283473666989
9998298072420019
9998303671944323
9998312071233599
9998319270627047
9998334069388891
9998340868823327
9998348668177949
9998352667848133
9998360867174191
9998370866356787
9998378865707227
9998383465334633
9998388864899087
9998396864256247
9998402663791973
9998411063123009
9998418862504811
9998426061936779
9998431061543989
9998438260980157
9998443260590647
9998449060139989
9998461259197627
9998467458720893
9998478257896781
9998484257441177
9998488457123339
9998491056926989
9998493856715957
9998499256309847
9998506055800891
9998515655084563
9998535253640951
9998551852431937
9998555052200621
9998558851926427
9998561051768021
9998564451523603
9998571251036567
9998580050409991
9998582850211387
9998588049843599
9998594049420371
9998605448622053
9998616847830887
9998622847416971
9998632446758243
9998636246498617
9998641046171989
9998651645454539
9998656845104647
9998664644582293
9998667444395533
9998670844169291
9998682643388533
9998686043164891
9998691042836989
9998693242693147
9998700842197967
9998711041537241
9998721240883211
9998735040005609
9998751038999881
9998756838638647
9998762038315979
9998767437982553
9998778237319877
9998782837039387
9998787036784081
9998798836072027
9998803035820189
9998810435378623
9998815235093767
9998825234503867
9998833434023789
9998838433732783
9998844033408319
9998848433154443
9998854032832891
9998858632569593
9998864632228313
9998873431730653
9998885031078509
9998903430061993
9998913829495757
9998918629235453
9998925428869093
9998930628590153
9998935228344967
9998939428121773
9998943427910053
9998951027510009
9998957227185571
9998966826687331
9998973826327097
9998979026060881
9998988225592997
9999005024750429
9999010024502419
9999019824019657
9999028423599323
9999037423164869
9999042222934517
9999047622676523
9999051822477077
9999054622344493
9999057822193457
9999062021996051
9999082421049719
9999096020429671
9999107619909323
9999111419740213
9999114219616037
9999119419386373
9999127019053189
9999131018878961
9999134018748899
9999138018576019
9999143418344053
9999151418002949
9999155417833693
9999162017556091
9999169017263989
9999176016974279
9999179216842807
9999185616581159
9999189616418623
9999198216072017
9999207015720649
9999215615382083
9999221815139737
9999226414961423
9999229014860989
9999236014592399
9999242014363739
9999249214092491
9999252813957647
9999258013764091
9999266013468731
9999274213169317
9999282812859371
9999298212312757
9999302812152187
9999307211999071
9999316011696391
9999326611336493
9999332011155551
9999335011055609
9999338810929627
9999346810666531
9999354810407051
9999360010239991
9999365410067893
9999376209727837
9999387809369657
9999395409138493
9999409608714079
9999413608596623
9999420808386287
9999428008179479
9999434607991733
9999443207749927
9999462407223319
9999473606927423
9999480406749523
9999486806584307
9999495206370287
9999503406165253
9999507406066333
9999518005807739
9999526805597731
9999534805410251
9999537805340717
9999552804999671
9999557204901787
9999567804669917
9999573804541157
9999575204511367
9999579804414197
9999582004368091
9999590604190193
9999595404092513
9999607203857071
9999617003667029
9999625803500317
9999639803243537
9999648203093981
9999654802978787
9999662202852577
9999672002689591
9999679002575701
9999684602486893
9999688802421127
9999692202368377
9999698802268027
9999705602166559
9999710802090907
9999721201943227
9999727401857093
9999753201522467
9999761601420743
9999772001299519
9999780001209919
9999786201142757
9999792401077363
9999804200957957
9999815000855621
9999816800839031
9999821600795639
9999828800732567
9999835400677229
9999846400589599
9999851600550563
9999863000469161
9999867200440847
9999872600405669
9999883800337237
9999892000291159
9999902600237153
9999908000211599
9999909800203397
9999915000180481
9999920000159879
9999924000144391
9999932000115311
9999942400082863
9999956000048351
9999964800030967
9999968600024633
9999987200004071
9999993000001189
9997769600245223
9995544096487403
9995552494617479
9995562892307119
9995568691021181
9995572890091043
9995577089161589
9995583687703007
9995599484219989
9995604483120391
9995607482461189
9995614081012543
9995619079916633
9995622679128221
9995635276374107
9995641475021989
9995648273540977
9995662870368983
9995673668029667
9995683065998533
9995691664143767
9995700062336003
9995705461175561
9995714659201897
9995721657703211
9995730055907879
9995736254584897
9995746252455437
9995747452200221
9995754050797199
9995761249270367
9995770447322419
9995778645589817
9995786643902617
9995793442471189
9995799841125433
9995807439531209
9995811438692881
9995816437646399
9995824635932497
9995834233930417
9995844631766837
9995855629483447
9995867427042221
9995874225638017
9995884423536391
9995896820988203
9995904219471217
9995909818325173
9995919816282373
9995924415344279
9995929214366687
9995933413512161
9995944411277959
9995950809981503
9995956808767499
9995963607393847
9995977804532513
9995986402804891
9995992801521443
9995995201040627
9996000000079979
9996011397802961
9996021395810701
9996031193863427
9996036592792697
9996051389863729
9996061787814233
9996064387302391
9996067986594163
9996071185965307
9996083383571969
9996088382593591
9996098180678977
9996105579236507
9996125375389841
9996133973726143
9996137173107847
9996146971216613
9996160568601457
9996174765878863
9996193762254893
9996209159329927
9996214758269183
9996234554531177
9996240553402001
9996245952387983
9996257150287567
9996272747374819
9996281345773769
9996292143768617
9996300342249919
9996304141547357
9996307340956081
9996316739222603
9996320338559999
9996323537971447
9996328337089519
9996335335805141
9996346133828657
9996358331604091
9996362930766869
9996368529749137
9996375328515481
9996380927501393
9996384326886319
9996389725910773
9996393125297287
9996397324540189
9996402323640091
9996410922094409
9996417920839663
9996424519658497
9996441316661881
9996447315595189
9996449315240021
9996451314884989
9996460313289991
9996464912476073
9996473910887423
9996481109619047
9996487908423763
9996493907370799
9996500906144993
9996506305200851
9996517703212373
9996525501855587
9996537499774307
9996542898840353
9996550297562419
9996561495633611
9996571093985291
9996576892991653
9996580692341603
9996588291043591
9996591090566107
9996607687742969
9996616286286391
9996623485069447
9996627284428189
9996636482878757
9996638882475233
9996641082105607
9996646681165799
9996655479691087
9996664078255697
9996668877455549
9996674076590017
9996683475029047
9996685674664313
9996688074266717
9996691073770091
9996697472712187
9996713870010599
9996720468926801
9996726267976891
9996735466472927
9996747264549901
9996752263737599
9996763661889089
9996773060370487
9996788857827053
9996794256960899
9996807454849247
9996819053000827
9996821452619227
9996824252174399
9996826251856891
9996832050937181
9996840049671457
9996846248692819
9996852647684563
9996859846552363
9996866845454873
9996869245079021
9996875644078093
9996883642829873
9996889041989111
9996892041522677
9996898040591117
9996907239166189
9996914837992133
9996921037036807
9996924236544391
9996931035499091
9996943233630901
9996949632653993
9996957631434469
9996967829886019
9996976228614391
9996981427828667
9996987226954081
9996996025630297
9997003224550189
9997015022785187
9997024221413959
9997030220522491
9997031820284963
9997043818507523
9997051017444347
9997054616913983
9997062015825337
9997067814974243
9997075013919347
9997083412693007
9997087012168307
9997095410946407
9997109808860303
9997113408340307
9997118407619137
9997129006094687
9997132605578243
9997135605148313
9997140404461337
9997145203775621
9997157801980823
9997165600873673
9997173399769667
9997190197401971
9997199996027857
9997206395132897
9997211794379339
9997217193627161
9997223592737653
9997229591905573
9997248589282483
9997254388485437
9997260987579791
9997269986349797
9997277785285319
9997288183873519
9997295782844483
9997297382628187
9997302981872147
9997306781360053
9997320779479573
9997324179024319
9997327578569753
9997330578169079
9997336977315631
9997344176358391
9997351175429881
9997359374345591
9997367773238123
9997370972817307
9997377371976971
9997386170824891
9997391170171961
9997395969546341
9997400568947923
9997410567650479
9997419366513167
9997425165765589
9997429565199413
9997440963737567
9997447962842797
9997453362154747
9997455361900151
9997460161289999
9997465760579359
9997482358481477
9997492557201419
9997502755924913
9997511154877769
9997517554082533
9997523153388209
9997537551609953
9997542950945747
9997554349548377
9997556949230647
9997561748644783
9997574147136899
9997577146773221
9997580146409951
9997587745491403
9997593544793053
9997597544312153
9997600143999991
9997605743328703
9997614342301037
9997620341586197
9997625740944263
9997646738462093
9997651537898033
9997656737288053
9997664536375603
9997671335582687
9997677134907901
9997686333841277
9997695932733437
9997697732526143
9997710331079201
9997715330507767
9997718930096827
9997725329367827
9997740327664697
9997757925686197
9997764324969977
9997768524500843
9997773923899061
9997787522389393
